29668	10000002	2012-09-26	567200000	583000000	576000000	2344	1592
29668	10000002	2012-09-27	560115007.92	575000000	570000000	2947	1849
29668	10000002	2012-09-28	557899999.98	575999999.99	565100001.02	2924	2034
29668	10000002	2012-09-29	541805301.1	557499000	548511728	3572	2394
29668	10000002	2012-09-30	549009007.045	560340000	557999993.61	3310	2295
29668	10000002	2012-10-01	556029999	569996999.96	562899554	3129	2028
29668	10000002	2012-10-02	568101000.6	579000000	571999097	2458	1791
29668	10000002	2012-10-03	567100000	578429600	575000000	2444	1781
29668	10000002	2012-10-04	573210002	583999997	580999999.96	2739	1815
29668	10000002	2012-10-05	581600009.57	591000000	584999997	2937	1888
29668	10000002	2012-10-06	581710000	591459999.99	587900000	3306	2147
29668	10000002	2012-10-07	584600000.03	594215000	592999995	2867	1890
29668	10000002	2012-10-08	595000000	610000000	600000000	2780	1848
29668	10000002	2012-10-09	611498899.96	626000000	617990998.97	2525	1875
29668	10000002	2012-10-10	631002006	662000000	647101002	3179	2124
29668	10000002	2012-10-11	603999999	625000000	616955005.5	3418	2217
29668	10000002	2012-10-12	561000005	578989000	572000000	3364	2233
29668	10000002	2012-10-13	563000000.17	574999999	570000000	3403	2383
29668	10000002	2012-10-14	567149000	577999999.995	571999999.965	3104	2147
29668	10000002	2012-10-15	576000000	587199000	580230000	2411	1761
29668	10000002	2012-10-16	578000091	591999999.11	588899700	2344	1615
29668	10000002	2012-10-17	587100122	596549999	591999999.99	2390	1666
29668	10000002	2012-10-18	588100010	599929999	597999999.99	2282	1644
29668	10000002	2012-10-19	583001000.02	601746988.99	590999500	2940	1897
29668	10000002	2012-10-20	571000001	584000000	577815000	3372	2413
29668	10000002	2012-10-21	574760000	585888994.995	581997997.98	3202	2119
29668	10000002	2012-10-22	571404117	585998990	578000000	3161	2012
29668	10000002	2012-10-23	572500015	584699999	579890000	2606	1821
29668	10000002	2012-10-24	577119999.69	587500000	584999999	2816	1891
29668	10000002	2012-10-25	572013000	584920000	581999998	2585	1878
29668	10000002	2012-10-26	569000001	580900000	577974999.97	2743	1902
29668	10000002	2012-10-27	571100000.11	581978000	578099999.97	3062	2041
29668	10000002	2012-10-28	571000001.99	580195000	579999998.97	2694	1873
29668	10000002	2012-10-29	577201090.04	585999000	582900000	2655	1854
29668	10000002	2012-10-30	581689009	592870000	591300998.98	2969	1771
29668	10000002	2012-10-31	582541999	593400000	591499999	2477	1798
29668	10000002	2012-11-01	583153118	592950999	591998999.96	2585	1705
29668	10000002	2012-11-02	582201000	594994994	588899996.99	2975	1802
29668	10000002	2012-11-03	570001000	581999999	576599987	3262	2338
29668	10000002	2012-11-04	570100000	580999999.99	575994006.98	2954	1967
29668	10000002	2012-11-05	576850005.42	584988997.9	582000000	2283	1689
29668	10000002	2012-11-06	579105000.01	588999998.87	586500000	2193	1599
29668	10000002	2012-11-07	579218003.65	589499996	587000000	2373	1640
29668	10000002	2012-11-08	580601001.005	589999997.98	588198999	2526	1614
29668	10000002	2012-11-09	581389989.99	591000000	589888998	2572	1661
29668	10000002	2012-11-10	579005000	589432987	585600000	2984	1899
29668	10000002	2012-11-11	576757151	587982948.335	585000000	2926	1982
29668	10000002	2012-11-12	580103000.5	589499997	585897997	2527	1714
29668	10000002	2012-11-13	580056499.515	589455555.39	588889997.99	2599	1646
29668	10000002	2012-11-14	579706001	589000000	587949998.88	2406	1570
29668	10000002	2012-11-15	580011000	588999998.98	588877100.55	2488	1520
29668	10000002	2012-11-16	582200000.01	591499999.99	590699999.99	2170	1508
29668	10000002	2012-11-17	583623623	593998000	591799999	2717	1732
29668	10000002	2012-11-18	585509999.01	595508000	593700000	2487	1682
29668	10000002	2012-11-19	588000000.02	598985108	594998999	2439	1697
29668	10000002	2012-11-20	596818002	607850000	601696000	2528	1692
29668	10000002	2012-11-21	597700089.03	607999996	605675330	2278	1601
29668	10000002	2012-11-22	596999998.97	608435899.98	600301999.01	2589	1838
29668	10000002	2012-11-23	575410000	585969999	580997000	4060	2549
29668	10000002	2012-11-24	577500009.09	587495999.98	580500000	3682	2434
29668	10000002	2012-11-25	580414008	590400399.99	585005000.02	3167	2165
29668	10000002	2012-11-26	580220012.01	589599000	587000322.96	2870	1881
29668	10000002	2012-11-27	584024000.01	592999550	589450699.96	2903	1892
29668	10000002	2012-11-28	584000000	593487999.99	591000000	2567	1669
29668	10000002	2012-11-29	588500000.01	598018989.98	597000000	2463	1667
29668	10000002	2012-11-30	585320000	593397989	589999998	2580	1782
29668	10000002	2012-12-01	580502001.35	589700000	585999000	3189	2007
29668	10000002	2012-12-02	579100001.02	589330056	586999987	2973	2022
29668	10000002	2012-12-03	586032004.01	595489997.995	591555885	2395	1683
29668	10000002	2012-12-04	584004359.68	596000000	587000500.5	2480	1599
29668	10000002	2012-12-05	576614000	585299900	584000000	3029	2029
29668	10000002	2012-12-06	577451000	586500000	585988888	2915	1904
29668	10000002	2012-12-07	577290000.1	586786000	584001000.1799	2724	1783
29668	10000002	2012-12-08	575158111.76	583998474	577290116.04	3232	2111
29668	10000002	2012-12-09	575204509.05	583473173	581586980	3574	2299
29668	10000002	2012-12-10	575105330.84	583899841	581999962.02	2564	1729
29668	10000002	2012-12-11	573334016.05	581219974	580669999.2	2712	1844
29668	10000002	2012-12-12	572000000.415	580600000	579479000	2825	1935
29668	10000002	2012-12-13	572100009	581216994.25	580532999.98	3180	2079
29668	10000002	2012-12-14	573101002	583025499.55	580000000	2559	1756
29668	10000002	2012-12-15	573133001.97	581498000	580000000	3308	2141
29668	10000002	2012-12-16	572620000	581999991.98	579900000	3128	2151
29668	10000002	2012-12-17	572999990.005	581999000	581444399.9	2606	1757
29668	10000002	2012-12-18	573111000	581085981	580000000	2614	1792
29668	10000002	2012-12-19	572580007	580000500	579797999	3087	1870
29668	10000002	2012-12-20	572004027.01	580800989.99	579999999	2861	1894
29668	10000002	2012-12-21	572100030	580700000	578000000	3246	2058
29668	10000002	2012-12-22	565000000	572900000	566000000.72	4011	2388
29668	10000002	2012-12-23	555155110	565995014	563986999	3691	2315
29668	10000002	2012-12-24	561334200.04	570000000	566796000	3088	1982
29668	10000002	2012-12-25	561335233.535	569619000	561744444	2927	1814
29668	10000002	2012-12-26	554622999.28	564998450	561999990	3239	2197
29668	10000002	2012-12-27	557619000	566624997	564998997	3201	2162
29668	10000002	2012-12-28	555117015	565497998.86	563604012.05	4011	2382
29668	10000002	2012-12-29	548999999.99	559500000	552499999.99	3380	2284
29668	10000002	2012-12-30	547001001.02	557299999.99	554999999	3587	2258
29668	10000002	2012-12-31	545100000	552895999.01	550999998	3319	2005
29668	10000002	2013-01-01	548000000.5	558291999	556900000	3288	1937
29668	10000002	2013-01-02	550000000	558383500	557999999.99	3522	2107
29668	10000002	2013-01-03	564010040	572915000	569109001	3477	2077
29668	10000002	2013-01-04	557857281	570699000	568000000	3226	1987
29668	10000002	2013-01-05	557300000	568326999	562271600	3163	2026
29668	10000002	2013-01-06	557108100.01	567100000	565000000	2940	1991
29668	10000002	2013-01-07	556026999	566908996.99	563000000	2926	1811
29668	10000002	2013-01-08	558120000	567780000	566111111.15	2816	1768
29668	10000002	2013-01-09	557303104	567000000	565871112	2613	1666
29668	10000002	2013-01-10	560521112	570999999.99	567499999.98	2318	1589
29668	10000002	2013-01-11	560656600	569475009.45	565565555	2950	1895
29668	10000002	2013-01-12	557507000	567480000	565210000.02	3335	2182
29668	10000002	2013-01-13	557329000	566799999.9	564379999	3065	2124
29668	10000002	2013-01-14	555569127.79	565963999	562987001.13	3157	1933
29668	10000002	2013-01-15	557015000.01	566479000	565000000	3075	1949
29668	10000002	2013-01-16	560086000	568555555	566000000	2648	1821
29668	10000002	2013-01-17	558100001	570999999	565999999.99	2711	1818
29668	10000002	2013-01-18	557013000	567500000	560000000	3291	2030
29668	10000002	2013-01-19	553220000	563500000	559494900	3412	2110
29668	10000002	2013-01-20	551000000	560047057	558388888	3165	2155
29668	10000002	2013-01-21	554080000	563072000	560981000	3361	2000
29668	10000002	2013-01-22	553202000	562695999	559999999.99	2651	1758
29668	10000002	2013-01-23	550100001	559609999.98	557590209.995	3036	1936
29668	10000002	2013-01-24	550000000	559086000	555999968	3792	1952
29668	10000002	2013-01-25	543443104	553116905	548000000	4097	2300
29668	10000002	2013-01-26	536011111.06	546796588.27	540000000	3788	2239
29668	10000002	2013-01-27	535200000	544987999.99	542500000	3884	2278
29668	10000002	2013-01-28	535207000	545000000	543999999.99	3326	1952
29668	10000002	2013-01-29	540150000	550600009	547100000.11	3753	2066
29668	10000002	2013-01-30	544000000	554976420	550999999.99	3124	1930
29668	10000002	2013-01-31	545000000.02	555000000	551499999.99	3284	2047
29668	10000002	2013-02-01	539010004	548999999.995	545000000	3217	2156
29668	10000002	2013-02-02	535710000.06	545471999.99	538101001	3785	2370
29668	10000002	2013-02-03	533241800.07	545000000	538078900	3715	2455
29668	10000002	2013-02-04	534122132.13	545000000	543999999	2864	1959
29668	10000002	2013-02-05	430000000	562800000.3	540109935.1375	2991	1907
29668	10000002	2013-02-06	533242000.1	541891999.84	539801002.99	2967	1876
29668	10000002	2013-02-07	529200001	538798998	537849000	3188	1985
29668	10000002	2013-02-08	526600002	534849999.99	533717990	3235	1962
29668	10000002	2013-02-09	523050001.03	532799999	528100000	3782	2257
29668	10000002	2013-02-10	527235001.5	536000000.01	529500000	3717	2273
29668	10000002	2013-02-11	527701833.02	536443220	534000000	3364	1990
29668	10000002	2013-02-12	527016000	535397000	534600000	3179	1876
29668	10000002	2013-02-13	528000079	536111110.5	535775775	2868	1859
29668	10000002	2013-02-14	530056500.5	538888888	533000005	3054	1811
29668	10000002	2013-02-15	523457131.995	532944420	530001602.035	3160	2124
29668	10000002	2013-02-16	520000000.03	529499998	521000100	3797	2300
29668	10000002	2013-02-17	517000000	527413999.4	524990000	3219	2252
29668	10000002	2013-02-18	522219997.99	532425000.685	527999999.99	3463	2096
29668	10000002	2013-02-19	518751002	528849995	527000000	2830	1821
29668	10000002	2013-02-20	517450000.015	526999999	520000000	3168	2022
29668	10000002	2013-02-21	511805000.03	519999998.99	514999999.99	3383	2152
29668	10000002	2013-02-22	494600020.08	504827996.99	498000000	4462	2696
29668	10000002	2013-02-23	490904000.01	502000000	496424802.445	4964	2962
29668	10000002	2013-02-24	501999999	508809900.01	503899925.26	4316	2501
29668	10000002	2013-02-25	502000152.03	510211680	506000000	3854	2283
29668	10000002	2013-02-26	506500000.06	515999999	510703000	3218	2039
29668	10000002	2013-02-27	509005050.54	518500000	516360000.04	3370	2132
29668	10000002	2013-02-28	505357989.98	515954949.485	509997997.9	3366	2189
29668	10000002	2013-03-01	497099200	507812999.69	506979948	3382	2170
29668	10000002	2013-03-02	497040000	506100000	504000000	4066	2361
29668	10000002	2013-03-03	500000000.505	509993204.495	505600489	3779	2314
29668	10000002	2013-03-04	503000050.37	513003255.495	509400000	2951	1994
29668	10000002	2013-03-05	506102135	513999000	512000000	2638	1803
29668	10000002	2013-03-06	507475000	515490200.71	514894999.99	2842	1882
29668	10000002	2013-03-07	505223000	514790000	511991984.4	2761	1840
29668	10000002	2013-03-08	505351000	515000000	513359999	2767	1704
29668	10000002	2013-03-09	505220000	514199985	510000000	2927	1886
29668	10000002	2013-03-10	508400000	517106422	513997777	3241	2041
29668	10000002	2013-03-11	516206002	527000000	519000000	3486	2022
29668	10000002	2013-03-12	521021000	531400000	528862999.99	3007	1820
29668	10000002	2013-03-13	521120000.12	531800000	531000000	2809	1797
29668	10000002	2013-03-14	526200000.03	537900000	529757998.83	2730	1805
29668	10000002	2013-03-15	506052989.98	518000000	512300999.54	3568	2145
29668	10000002	2013-03-16	502300000	511900000	506500000	3634	2266
29668	10000002	2013-03-17	503200022	513443898.99	508000777	3365	2142
29668	10000002	2013-03-18	507000000	516998997	514000000	2940	1795
29668	10000002	2013-03-19	509106005.68	518999999.98	518000000	2640	1614
29668	10000002	2013-03-20	509500000	519394999	516804776	2769	1823
29668	10000002	2013-03-21	508500202.1	518287989.98	516699994	2865	1860
29668	10000002	2013-03-22	507005000	516694892.465	514999999	3073	1908
29668	10000002	2013-03-23	506205009	515489987	513000009.68	3207	2011
29668	10000002	2013-03-24	507998992.99	517679000.88	514598984	3563	2122
29668	10000002	2013-03-25	509105000	517872416.99	516499999	3395	1915
29668	10000002	2013-03-26	509110009.13	517200000	515999999.99	2997	1862
29668	10000002	2013-03-27	511326004.05	520000000	519100000	3065	1841
29668	10000002	2013-03-28	511315001.02	521822056	512989994.19	3397	1961
29668	10000002	2013-03-29	501006610	511739000	509999777	4096	2357
29668	10000002	2013-03-30	501499005	511150000	508999999	3519	2221
29668	10000002	2013-03-31	503399900.185	511999999.97	510193105.495	3596	2217
29668	10000002	2013-04-01	505365000	514487189.99	511200000.01	3102	1962
29668	10000002	2013-04-02	505067010.56	514454000	512905000	3013	1831
29668	10000002	2013-04-03	504301302	513897998	510000000	2971	1776
29668	10000002	2013-04-04	505112139	513599996.99	511900000	3167	1817
29668	10000002	2013-04-05	504323000	513000000	511901500	3260	1881
29668	10000002	2013-04-06	503809000.01	511999999.995	509888888	3419	2178
29668	10000002	2013-04-07	504683010.66	511839999	510899000	2923	2042
29668	10000002	2013-04-08	504711000	513977919	511150006	3139	1868
29668	10000002	2013-04-09	505057000.02	513499484.945	512250000	2982	1933
29668	10000002	2013-04-10	506150000.01	515180097.89	513948000	2771	1809
29668	10000002	2013-04-11	507252058	516236000	515000000	2905	1872
29668	10000002	2013-04-12	506583558	516226992	515500000	2975	1940
29668	10000002	2013-04-13	506575000	515475998	511000000	3535	2178
29668	10000002	2013-04-14	508555503.5	518000000	513885057	3707	2343
29668	10000002	2013-04-15	510100000	519990000	514500089.98	2858	1815
29668	10000002	2013-04-16	510206050	520600989	517960989.98	2799	1898
29668	10000002	2013-04-17	510110101.11	520110000.01	516050004.995	3438	2007
29668	10000002	2013-04-18	507509992	517150800.01	513000000	3066	1887
29668	10000002	2013-04-19	506000000.01	515830000	514275000	2882	1745
29668	10000002	2013-04-20	506000000.04	514991000	514365134.99	2921	1851
29668	10000002	2013-04-21	508677561.26	515000023.05	514697000	2755	1773
29668	10000002	2013-04-22	511016026.15	519920000	518899999.97	2696	1754
29668	10000002	2013-04-23	512630059.51	520999999	520500000	2715	1763
29668	10000002	2013-04-24	512702000	520501999	514210001	3232	1886
29668	10000002	2013-04-25	507542223	515999999	514965544	3654	2203
29668	10000002	2013-04-26	507288000	516000000	515000000	3216	2013
29668	10000002	2013-04-27	507491001	516000000	514972989.98	3936	2307
29668	10000002	2013-04-28	508010005.01	516683879	514896000	3831	2274
29668	10000002	2013-04-29	511534000	520989995	517994999.99	3287	2071
29668	10000002	2013-04-30	515145000	523968999.99	519496000	3159	2093
29668	10000002	2013-05-01	517592000	527000000	523901000	3231	2064
29668	10000002	2013-05-02	521207001	530000000	527279000	2827	2010
29668	10000002	2013-05-03	523094001.035	532493489.98	529999999.995	3116	2033
29668	10000002	2013-05-04	520020001	529999999.985	525612000	3377	2281
29668	10000002	2013-05-05	520617989.98	530004000	527999998	3047	2050
29668	10000002	2013-05-06	520750001.01	529998001.04	528003000	3009	2009
29668	10000002	2013-05-07	512134502	521499999.99	520000000	3776	2444
29668	10000002	2013-05-08	510645989.98	518999986.4	518210000	3305	2144
29668	10000002	2013-05-09	512807500	521400000	520000000	3024	1982
29668	10000002	2013-05-10	522945999	534899994.99	525645989.98	4833	2369
29668	10000002	2013-05-11	530177989.985	542155989.98	537056000	3439	2061
29668	10000002	2013-05-12	528468001	538724999	534995000	3292	2341
29668	10000002	2013-05-13	532275989.98	542950000	538894000	3123	2041
29668	10000002	2013-05-14	534200000	545943999.99	537150002	3588	2224
29668	10000002	2013-05-15	523302001	534000000	530348999.99	3689	2285
29668	10000002	2013-05-16	530000001	540599998.99	533384989.98	3654	2176
29668	10000002	2013-05-17	519105000	529979995	524380000	3656	2231
29668	10000002	2013-05-18	522000000	534833001	526749998	3683	2390
29668	10000002	2013-05-19	527549800	536999999	533993998	3585	2312
29668	10000002	2013-05-20	536000003.51	545859977	543998997.97	3186	2101
29668	10000002	2013-05-21	540277002	549888886	549610989.98	2841	1894
29668	10000002	2013-05-22	549888989.98	562555555.01	557916045.495	3318	1989
29668	10000002	2013-05-23	559046000	569847996.99	568486999.99	3250	2073
29668	10000002	2013-05-24	555075989.98	567002000.005	559015000	3479	2276
29668	10000002	2013-05-25	548997000	558317992.03	550523001.005	3750	2541
29668	10000002	2013-05-26	550725000	559963000	554374494.5	3452	2351
29668	10000002	2013-05-27	550596000.99	562634420	557999999.99	3284	2187
29668	10000002	2013-05-28	551058000	561999999.99	559579000	2874	2005
29668	10000002	2013-05-29	549039000	560399999	552809999.99	3227	2076
29668	10000002	2013-05-30	546000000.01	557004000	553989991	3098	2074
29668	10000002	2013-05-31	545666000	555662930	549469000	3451	2184
29668	10000002	2013-06-01	542225001	554938999	548278500.01	3909	2400
29668	10000002	2013-06-02	547000000	555975000	554200000	1573	1008
29668	10000002	2013-06-03	550055989.98	560529786	558999999.99	3348	2127
29668	10000002	2013-06-04	559145989.98	573000000	564526200	3644	2406
29668	10000002	2013-06-05	558504001	571807000	567899998.94	3609	2569
29668	10000002	2013-06-06	555784008.01	567000000	560958988	3431	2322
29668	10000002	2013-06-07	542000000.2	555286994.99	549162000	3857	2550
29668	10000002	2013-06-08	528050000	542500000	537155006	4279	2917
29668	10000002	2013-06-09	526113122	536997999	530650300.01	4077	2522
29668	10000002	2013-06-10	528200009	538989000	536119998	3572	2357
29668	10000002	2013-06-11	534000000.4	544686999	541048000	3217	2087
29668	10000002	2013-06-12	538322000	547495999	545393999.045	3300	2230
29668	10000002	2013-06-13	538730009.03	549000000	547505500	3446	2182
29668	10000002	2013-06-14	539107100	548487001.01	540999999	3065	1935
29668	10000002	2013-06-15	529611007	542796990	534500000	3580	2412
29668	10000002	2013-06-16	526573000.01	537449999.91	533899997	3797	2521
29668	10000002	2013-06-17	525036832	537657499.98	534999984.99	3238	2259
29668	10000002	2013-06-18	533993892	543345000	537500000	2937	1987
29668	10000002	2013-06-19	530132001.05	540999999	536915989.98	2942	1916
29668	10000002	2013-06-20	530131000	541000000	538770899.98	2713	1736
29668	10000002	2013-06-21	529070102.11	538989893.945	536975989.98	2942	2028
29668	10000002	2013-06-22	527600039	537956000	535995000	3351	2251
29668	10000002	2013-06-23	525105000	536000000	532500000	3144	2126
29668	10000002	2013-06-24	530187989.98	538800000	535139999	3062	1945
29668	10000002	2013-06-25	530069989.98	539000000	538000000	3019	1932
29668	10000002	2013-06-26	531016200.45	541000000	538829999.99	3201	1926
29668	10000002	2013-06-27	531601000.005	541270889.98	540677001	3163	1912
29668	10000002	2013-06-28	532419001.1	541421100.45	540426900.11	3486	2178
29668	10000002	2013-06-29	527105001.03	538999999	535002989.98	3601	2361
29668	10000002	2013-06-30	528044400.5	537184900.13	536750988.98	3267	2180
29668	10000002	2013-07-01	532010101	540342997.98	538889111	3221	1979
29668	10000002	2013-07-02	534001000.04	542522699	540912989.98	2907	1861
29668	10000002	2013-07-03	535000000.13	543743888.96	542739496	2949	1954
29668	10000002	2013-07-04	535279989.99	544551989.98	539495989.98	3099	1929
29668	10000002	2013-07-05	528507990.03	538999699.985	536877954.99	3691	2400
29668	10000002	2013-07-06	527000010.05	536897984	530000008	3712	2175
29668	10000002	2013-07-07	526322000	535879943	533199999.23	3509	2240
29668	10000002	2013-07-08	528186000	535999999.99	533362998	3089	2057
29668	10000002	2013-07-09	529300300.3	538999999	536998996.985	2934	2051
29668	10000002	2013-07-10	528677212	538985000	537999999	3135	1991
29668	10000002	2013-07-11	531300005	539997993	538500000	2798	1930
29668	10000002	2013-07-12	533777000	543439999.99	540995100.23	2816	1891
29668	10000002	2013-07-13	530000000	539788999	538890811	3058	2061
29668	10000002	2013-07-14	532627013	541915980	540627015.15	3036	1945
29668	10000002	2013-07-15	536055579.01	543039062	542954999	2947	1871
29668	10000002	2013-07-16	538055000	547695980	547000000	2818	1798
29668	10000002	2013-07-17	541007011	549499999.99	548000000	2884	1816
29668	10000002	2013-07-18	548000003	558625000	556777777	2577	1761
29668	10000002	2013-07-19	549125989.98	559293989.98	555000000	3042	1852
29668	10000002	2013-07-20	539000000	547169999.97	546910989.98	3406	2120
29668	10000002	2013-07-21	540009000.02	549951998.94	545998002	3003	2065
29668	10000002	2013-07-22	543000000	554000000	550000002	3146	1929
29668	10000002	2013-07-23	545155989.98	556300969.495	553265493.99	3348	2104
29668	10000002	2013-07-24	545798050.005	555784989.97	553900000	2796	1858
29668	10000002	2013-07-25	545053017	554500000	553999996.9	3033	1983
29668	10000002	2013-07-26	547009000.16	555829994	553120000	2751	1998
29668	10000002	2013-07-27	547023100	556623464.97	553748949.9	2776	1973
29668	10000002	2013-07-28	500000000	575000000	553905006.0414	3299	2112
29668	10000002	2013-07-29	551002199	560000000	559196888.88	2886	1925
29668	10000002	2013-07-30	550121012.03	561300000	558554555.89	3399	2136
29668	10000002	2013-07-31	551000112	559976999	557849800	3145	1963
29668	10000002	2013-08-01	543105999.99	552999997	550999999.76	3550	2259
29668	10000002	2013-08-02	536650000	548988000.95	543994754	3762	2334
29668	10000002	2013-08-03	531309000.01	542000000	535000000	4377	2642
29668	10000002	2013-08-04	537002002.02	547879494.985	541000000	4393	2528
29668	10000002	2013-08-05	528941658.65	568250000	543193008.893	3624	2289
29668	10000002	2013-08-06	538858989.99	547990989.98	545999998.98	3403	2149
29668	10000002	2013-08-07	537760032.4	547194999	545649998.99	3130	1929
29668	10000002	2013-08-08	538005000.79	546656000	546000000	3073	1985
29668	10000002	2013-08-09	538000000.01	547000000	545308000	3401	2007
29668	10000002	2013-08-10	536886672.54	546480999.99	542750000	3185	2134
29668	10000002	2013-08-11	541122001	549186100	546446663	3581	2236
29668	10000002	2013-08-12	543000100.005	554590000	550298994	2746	1813
29668	10000002	2013-08-13	531500000.05	572999999.99	550621062.5422	2928	1864
29668	10000002	2013-08-14	547230000.99	557999993	554599999.98	2850	1756
29668	10000002	2013-08-15	544035999.09	553993999.99	552000000	2949	1962
29668	10000002	2013-08-16	543000000.02	552165184	549999999.98	3116	2029
29668	10000002	2013-08-17	541772002	550749997	542262002	4167	2503
29668	10000002	2013-08-18	538255300.01	548179001	545000000	3379	2400
29668	10000002	2013-08-19	542000000	551393999	550999999	3375	2117
29668	10000002	2013-08-20	541902000	550995000	548890999	3516	2063
29668	10000002	2013-08-21	540200000.01	551697895	546949999	2977	1999
29668	10000002	2013-08-22	541098000	551595988.495	549399999	2952	1992
29668	10000002	2013-08-23	540000000	548429999	542200001.01	3301	2093
29668	10000002	2013-08-24	536400444.1	546899997.5	544000000	3373	2122
29668	10000002	2013-08-25	536375693	545800000	540000000.02	3668	2281
29668	10000002	2013-08-26	541563995	549844989.97	547805989.98	2702	1784
29668	10000002	2013-08-27	543000999	552970493.475	550729978.99	2929	1895
29668	10000002	2013-08-28	545209989.98	553995989.98	551825989.98	2784	1744
29668	10000002	2013-08-29	547000000	557999868	554940000	2614	1799
29668	10000002	2013-08-30	546000000	554806999	550000000.01	2768	1862
29668	10000002	2013-08-31	543125989.98	553120000	548775989.98	3061	2038
29668	10000002	2013-09-01	543570751	553500000	552196929.02	2699	1963
29668	10000002	2013-09-02	544600000	553650000	552770000	2737	1830
29668	10000002	2013-09-03	545010000	557500000	552965989.98	2663	1658
29668	10000002	2013-09-04	546091051.97	557194999.99	553691999.97	2761	1843
29668	10000002	2013-09-05	547798000.03	556940988	556000000	2646	1686
29668	10000002	2013-09-06	548462000.01	557249999.99	555776001.02	2459	1692
29668	10000002	2013-09-07	548200006	557195999.75	552139900	3117	1960
29668	10000002	2013-09-08	546728994.495	556290989.98	554999999	2892	1966
29668	10000002	2013-09-09	550000007	559474485.01	555150003.05	2739	1840
29668	10000002	2013-09-10	550000000	559799999	557995000	3117	1873
29668	10000002	2013-09-11	553500101.08	563698998	560139000	2527	1636
29668	10000002	2013-09-12	555511000.1	564960988	563544444	2613	1775
29668	10000002	2013-09-13	562000001	571551993	569999978.5	2834	1743
29668	10000002	2013-09-14	563526495	574000000	570999992.5	2784	1822
29668	10000002	2013-09-15	563183001.02	572000000	570665777	3316	2048
29668	10000002	2013-09-16	563646000.01	572368988	571791989.98	2533	1694
29668	10000002	2013-09-17	573344998.95	583900000	577025990	2557	1759
29668	10000002	2013-09-18	571005989.98	587000000	577960494.48	2490	1747
29668	10000002	2013-09-19	578004600.02	588990980	584999998.995	2824	1884
29668	10000002	2013-09-20	575163078.5	587492555.995	585985979.99	2679	1808
29668	10000002	2013-09-21	589599494.5	602299999.99	595576000	2749	1908
29668	10000002	2013-09-22	589306556	599887000	596399999	3004	2079
29668	10000002	2013-09-23	590010195	601244499.955	598857500.01	2800	1908
29668	10000002	2013-09-24	590200989.98	602960989.97	599476888.88	2724	1952
29668	10000002	2013-09-25	583298999	604898999.99	596819503.7413	1270	895
